(True, array([[[180, 191, 195],
        [181, 191, 195],
        [182, 191, 195],
        ...,
        [231, 226, 214],
        [230, 226, 213],
        [230, 226, 213]],

       [[180, 191, 195],
        [178, 189, 192],
        [182, 192, 196],
        ...,
        [231, 227, 214],
        [230, 226, 213],
        [230, 226, 213]],

       [[189, 200, 201],
        [182, 193, 194],
        [184, 192, 194],
        ...,
        [228, 224, 210],
        [226, 223, 209],
        [230, 226, 213]],

       ...,

       [[ 37,  31,  59],
        [ 42,  37,  64],
        [ 46,  42,  67],
        ...,
        [ 29,  35,  52],
        [ 28,  33,  50],
        [ 29,  34,  52]],

       [[ 37,  31,  59],
        [ 42,  37,  65],
        [ 47,  43,  70],
        ...,
        [ 31,  35,  52],
        [ 30,  32,  50],
        [ 29,  31,  49]],

       [[ 37,  30,  61],
        [ 42,  36,  67],
        [ 47,  42,  74],
        ...,
        [ 33,  36,  53],
        [ 33,  33,  52],
        [ 32,  32,  51]]], dtype=uint8))